[views/general]
version = 7.0.3
modtime = 1522925476.733719000

[views/config]
version = 7.0.3
modtime = 1522931480.058009000

[html/configuration_html]
owner = admin
version = 7.0.3
modtime = 1522931566.161173000
